TimePlots Volume Graph

 

Series LeftAtriumVolume- LAV:
Y axis data:
[35.1875954,35.53347,36.0104027,36.6126747,37.3346024,38.1699753,39.15633,40.40817,41.8225,43.3064,44.7908669,46.22512,47.5758247,48.82275,49.9551964,50.97019,51.8708076,52.6645432,53.36186,53.9748726,54.51629,54.9985161,55.43306,55.8301048,56.1982956,56.5446663,56.87471,57.1924934,57.5008736,57.80169,58.09598,58.38421,58.66641,58.94236,59.2116928,59.4739838,59.72883,59.9758644,60.2148132,60.44548,60.6677742,60.88168,61.08727,61.28468,61.4741173,61.6559334,61.8314247,62.0020332,62.1688423,62.3326263,62.49395,62.65321,62.8106728,62.9665222,63.1208344,63.273632,63.42487,63.57444,63.7222,63.86795,64.0114746,64.1557541,64.29964,64.4398956,64.5744858,64.70217,64.82231,64.9346848,65.03932,65.1364441,65.22639,65.30954,65.38634,65.45722,64.97672,64.07393,63.21457,62.4067039,61.6438675,60.92093,60.2343445,59.58185,58.9622154,58.37503,57.8204956,57.2992821,56.8123627,56.36088,55.9460449,55.56899,55.2306938,54.9319077,54.6730537,54.4542,54.2750168,54.13477,54.0323257,53.96619,53.9345245,53.93521,53.9659233,54.02417,54.107357,54.21287,54.3381,54.4805031,54.6376343,54.80718,54.98697,55.1750031,55.36944,55.56862,55.7710457,55.9753876,56.1804733,56.38527,56.5888824,56.79055,56.98961,57.1855125,57.3778,57.5660934,57.75009,57.929554,58.1043,58.2742,58.4391632,58.5991364,58.7541046,58.90407,59.04908,59.18917,59.3244171,59.4549,59.5807152,59.70196,59.81875,59.9311943,60.0394135,60.14353,60.2436676,60.3399467,60.43249,60.5214272,60.6068764,60.6889534,60.7677879,60.8434868,60.91617,60.98594,61.0529137,61.1171951,61.1788826,61.23808,61.2948761,61.3493729,61.4016533,61.45181,61.49992,61.5460739,61.59034,61.6327972,61.6735229,61.7125778,61.7500343,61.7859573,61.8204079,61.853447,61.885128,61.889122,61.776535,61.5268555,61.13603,60.60026,59.9156761,59.07918,58.08979,56.95023,55.6686478,54.26008,52.7471466,51.159565,49.5322762,47.902504,46.30648,44.7766266,43.33979,42.01669,40.82221,39.766346,38.8345833,37.9671631,37.179512,36.4889145,35.9083366,35.447094,35.1115761,34.9059639,34.83282,34.89362,35.08911,35.1365356]


Series LeftVentricalVolume- LVV:
Y axis data:
[140.44223,140.44223,140.44223,140.44223,140.44223,140.44223,140.44223,140.44223,140.44223,140.44223,140.44223,140.113022,138.869522,136.822647,134.061676,130.6808,126.778206,122.455078,117.814087,112.957344,107.983841,102.986633,98.0501862,93.248085,88.6415,84.2784042,80.19362,76.40962,72.9378357,69.780365,66.93183,64.38123,62.1137238,60.11208,58.35802,56.833168,55.51981,54.4014,53.4628944,52.69091,52.0738068,51.60165,51.26618,51.0606651,50.9798622,50.9783,50.9783,50.9783,50.9783,50.9783,50.9783,50.9783,50.9783,50.9783,50.9783,50.9783,50.9783,50.9783,50.9783,50.9783,50.9783,50.9783,50.9783,50.9783,50.9783,50.9783,50.9783,50.9783,50.9783,50.9783,50.9783,50.9783,50.9783,50.9783,51.5572472,52.76661,54.15618,55.6844139,57.329,59.07127,60.8948669,62.7851257,64.7287,66.71328,68.72738,70.76027,72.8018646,74.84269,76.87393,78.8874054,80.87562,82.8317947,84.7499,86.6246948,88.45173,90.2273254,91.948616,93.61345,95.22038,96.7686,98.25786,99.68841,101.060913,102.376389,103.636108,104.841583,105.994453,107.0965,108.149536,109.155434,110.116066,111.033287,111.908936,112.7448,113.54261,114.304077,115.030815,115.724396,116.38633,117.018059,117.620987,118.196426,118.745659,119.26989,119.770294,120.247971,120.703987,121.139351,121.555016,121.95192,122.330933,122.692886,123.038582,123.368782,123.6842,123.985527,124.27343,124.548523,124.811409,125.062645,125.302773,125.53231,125.75174,125.961533,126.162132,126.353951,126.5374,126.712852,126.880676,127.041222,127.194809,127.341759,127.482361,127.616913,127.745674,127.868912,127.98687,128.099777,128.20787,128.31134,128.4104,128.505264,128.596085,128.68306,128.766357,128.846115,128.922516,128.995682,129.065781,129.155212,129.335617,129.615875,129.990982,130.456223,131.007324,131.639618,132.346939,133.120377,133.947083,134.809555,135.685471,136.548828,137.372009,138.128525,138.795776,139.357,139.802017,140.126968,140.333084,140.4253,140.431839,140.431839,140.431839,140.431839,140.431839,140.431839,140.431839,140.431839,140.431839,140.431839,140.431839,140.431839]



------------------------------
TimePlots Pressure Graph

Series Aorta -AOP:
Y axis data:
[62.4044228,62.22586,62.0478745,61.8704643,61.69362,61.51734,61.34162,61.1664543,60.9918327,60.8177528,60.64421,64.63763,72.5590439,80.1808243,87.40702,94.14671,100.314781,105.833755,110.638626,114.683029,117.94455,120.427856,122.164848,123.211746,123.643906,123.549255,123.021309,122.152794,121.030411,119.731033,118.3195,116.8478,115.355286,113.869835,112.409355,110.983589,109.595856,108.24472,106.925369,105.630722,104.352371,103.081169,101.8077,100.52253,99.21639,98.37599,98.07266,97.78096,97.49043,97.2008362,96.91216,96.6244,96.3375549,96.05162,95.7666,95.48248,95.19927,94.91696,94.63556,94.35505,94.07543,93.79671,93.5188751,93.2419357,92.96587,92.6907,92.4164047,92.14299,91.8704453,91.59878,91.32798,91.0580444,90.78896,90.52075,90.25338,89.98686,89.72119,89.45636,89.19237,88.9292,88.66687,88.40536,88.14468,87.88481,87.6257553,87.3675156,87.1100845,86.85346,86.59764,86.34262,86.0883942,85.83496,85.58231,85.33046,85.07939,84.8291,84.57959,84.33086,84.0829,83.83572,83.5892944,83.34364,83.0987549,82.85462,82.61125,82.36864,82.12678,81.88567,81.64532,81.4057,81.16683,80.92871,80.69132,80.45467,80.2187653,79.98359,79.74914,79.51542,79.2824249,79.05016,78.81862,78.58779,78.35769,78.1282959,77.89962,77.67166,77.4444046,77.21786,76.99202,76.7668839,76.54245,76.31872,76.09568,75.87334,75.6516953,75.43074,75.21047,74.9909,74.77201,74.5538,74.33628,74.11943,73.90327,73.6877747,73.47296,73.25882,73.04535,72.83254,72.62041,72.4089355,72.19812,71.9879761,71.77849,71.56966,71.36148,71.15395,70.94708,70.74086,70.5352859,70.33036,70.1260757,69.92244,69.71944,69.5170746,69.31535,69.1142654,68.91381,68.71398,68.51479,68.31622,68.1182861,67.92097,67.72428,67.52821,67.33277,67.1379547,66.94376,66.750206,66.5572739,66.36497,66.1732941,65.98225,65.79183,65.60204,65.41289,65.22436,65.03645,64.8491745,64.66252,64.47649,64.29108,64.1062851,63.92211,63.73855,63.5556,63.3732529,63.1915131,63.010376,62.829834,62.6498871,62.4705238,62.4347229]


Series LeftVentricalPressure-LVP:
Y axis data:
[12.485673,11.99584,11.5106869,11.0307026,10.557744,10.0952864,9.285107,8.41873,7.869803,7.56552362,7.453822,7.490946,7.63113928,7.84461641,8.106119,8.394502,8.692692,8.987616,9.26997948,9.533894,9.776374,9.996758,10.1961126,10.3766632,10.541297,10.6931458,10.8352709,10.9704351,11.1009665,11.228694,11.3549414,11.4805622,11.6059971,11.7313585,11.8565006,11.9810991,12.10472,12.2268677,12.3470335,12.4647255,12.5794868,12.6909122,12.7986526,12.9024153,13.0019627,13.0961132,13.1817064,13.2595043,13.3304367,13.3952827,13.4547091,13.509305,13.5596075,13.6061077,13.6492634,13.6894989,13.72721,13.762763,13.7964964,13.8287239,13.8597288,13.8750982,13.9007607,13.9331255,13.969574,14.0082188,14.0477123,14.0871153,14.1257811,14.1632814,14.1993465,14.2338161,14.266613,14.2977142,14.0313654,13.2961836,12.6201448,12.0152836,11.4703217,10.9761677,10.5259914,10.1146469,9.738237,9.393786,9.078995,8.792062,8.531543,8.296249,8.085165,7.89738464,7.732066,7.588398,7.46557,7.3627553,7.27910137,7.21371937,7.165685,7.13404131,7.117799,7.115947,7.12745953,7.151306,7.18645954,7.23190546,7.286651,7.3497324,7.420221,7.497228,7.57991028,7.667472,7.759165,7.85429335,7.95221043,8.05232,8.154073,8.256969,8.360555,8.464417,8.568187,8.671531,8.774155,8.875798,8.976232,9.075255,9.172697,9.268409,9.362267,9.454165,9.54402,9.631763,9.717343,9.800721,9.881869,9.960775,10.0374317,10.1118441,10.1840229,10.2539854,10.3217564,10.3873644,10.4508429,10.512228,10.57156,10.6288815,10.6842365,10.7376709,10.7892313,10.8389683,10.8869286,10.9331617,10.9777184,11.0206461,11.0619946,11.1018124,11.1401472,11.1770477,11.2125587,11.2467279,11.2795992,11.3112173,11.3416252,11.3708639,11.3989744,11.4259987,11.451973,11.4769373,11.500927,11.5239782,11.5461245,11.5983067,11.7031717,11.8413162,12.0108461,12.2114449,12.4429073,12.7046461,12.9951639,13.31148,13.6485929,13.9991579,14.3535337,14.700346,15.0275135,15.32354,15.5787029,15.7858772,15.94084,16.0421143,16.0905,16.0884724,16.035017,15.9024191,15.6960239,15.4281673,15.1099815,14.7510262,14.35913,13.9404192,13.4994965,13.0397234,12.5635729,12.5845556]

Series LeftAtriumPressure-LAP:
Y axis data:
[12.485673,11.99584,11.5106869,11.0307026,10.557744,10.0952864,9.285107,8.41873,7.869803,7.56552362,7.453822,7.490946,7.63113928,7.84461641,8.106119,8.394502,8.692692,8.987616,9.26997948,9.533894,9.776374,9.996758,10.1961126,10.3766632,10.541297,10.6931458,10.8352709,10.9704351,11.1009665,11.228694,11.3549414,11.4805622,11.6059971,11.7313585,11.8565006,11.9810991,12.10472,12.2268677,12.3470335,12.4647255,12.5794868,12.6909122,12.7986526,12.9024153,13.0019627,13.0961132,13.1817064,13.2595043,13.3304367,13.3952827,13.4547091,13.509305,13.5596075,13.6061077,13.6492634,13.6894989,13.72721,13.762763,13.7964964,13.8287239,13.8597288,13.8750982,13.9007607,13.9331255,13.969574,14.0082188,14.0477123,14.0871153,14.1257811,14.1632814,14.1993465,14.2338161,14.266613,14.2977142,14.0313654,13.2961836,12.6201448,12.0152836,11.4703217,10.9761677,10.5259914,10.1146469,9.738237,9.393786,9.078995,8.792062,8.531543,8.296249,8.085165,7.89738464,7.732066,7.588398,7.46557,7.3627553,7.27910137,7.21371937,7.165685,7.13404131,7.117799,7.115947,7.12745953,7.151306,7.18645954,7.23190546,7.286651,7.3497324,7.420221,7.497228,7.57991028,7.667472,7.759165,7.85429335,7.95221043,8.05232,8.154073,8.256969,8.360555,8.464417,8.568187,8.671531,8.774155,8.875798,8.976232,9.075255,9.172697,9.268409,9.362267,9.454165,9.54402,9.631763,9.717343,9.800721,9.881869,9.960775,10.0374317,10.1118441,10.1840229,10.2539854,10.3217564,10.3873644,10.4508429,10.512228,10.57156,10.6288815,10.6842365,10.7376709,10.7892313,10.8389683,10.8869286,10.9331617,10.9777184,11.0206461,11.0619946,11.1018124,11.1401472,11.1770477,11.2125587,11.2467279,11.2795992,11.3112173,11.3416252,11.3708639,11.3989744,11.4259987,11.451973,11.4769373,11.500927,11.5239782,11.5461245,11.5983067,11.7031717,11.8413162,12.0108461,12.2114449,12.4429073,12.7046461,12.9951639,13.31148,13.6485929,13.9991579,14.3535337,14.700346,15.0275135,15.32354,15.5787029,15.7858772,15.94084,16.0421143,16.0905,16.0884724,16.035017,15.9024191,15.6960239,15.4281673,15.1099815,14.7510262,14.35913,13.9404192,13.4994965,13.0397234,12.5635729,12.5845556]

------------------------------
TimePlots Flow Graph

Series Mitral-MVF:
Y axis data:
[0,0,0,0,0,0,0,0,0,0,0,0,0,0,0,0,0,0,0,0,0,0,0,0,0,0,0,0,0,0,0,0,0,0,0,0,0,0,0,0,0,0,0,0,0,0,0,0,0,0,0,0,0,0,0,0,0,0,0,0,0,0,0,0,0,0,0,0,0,0,0,0,0,0,12.3528252,15.5211,17.389328,18.9360886,20.2375011,21.3273983,22.2300186,22.9636765,23.54256,23.97801,24.2794762,24.4552536,24.5130329,24.4603233,24.3047447,24.0542355,23.7171478,23.3022747,22.8187885,22.2761288,21.6838455,21.0514,20.3879757,19.7022858,19.0024033,18.2956371,17.5884418,16.8863716,16.194088,15.515378,14.8532314,14.2099113,13.5870457,12.9857244,12.4065847,11.8499031,11.3156652,10.8036318,10.3133965,9.844431,9.396119,8.967788,8.558728,8.168215,7.79551554,7.43990326,7.10066128,6.77708864,6.46850348,6.17424345,5.89366961,5.62616539,5.371136,5.1280117,4.89624262,4.67530346,4.46468925,4.263916,4.07252169,3.89006281,3.716116,3.55027652,3.39215755,3.24139023,3.097622,2.960517,2.82975483,2.70503068,2.58605361,2.472547,2.36424756,2.26090455,2.16227961,2.06814623,1.97828853,1.89250219,1.81059217,1.73237383,1.65767109,1.58631718,1.51815355,1.45302927,1.39080143,1.33133376,1.27449727,1.22016907,1.16823256,1.11857677,1.0710963,1.02569115,0.9822659,0.94073,0.9009973,0.862985969,0.8266179,1.43966675,2.65221,3.8283546,4.942382,6.003168,7.012739,7.961385,8.82525,9.565457,10.1301394,10.4607649,10.5030746,10.2206249,9.606556,8.688577,7.524595,6.19070435,4.76651049,3.32286763,1.91472614,0.5790607,0,0,0,0,0,0,0,0,0,0,0,0]


Series Aortic-AOF:
Y axis data:
[0,0,0,0,0,0,0,0,0,0,0,8.691334,18.943594,28.1661739,36.2919121,43.26637,49.0458946,53.6007957,56.9218521,59.0273552,59.96805,59.8283768,58.72354,56.79289,54.19087,51.0770569,47.6066628,43.92256,40.14954,36.39089,32.7272339,29.2172318,25.8995647,22.7957954,19.9135838,17.249897,14.793973,12.5298758,10.438571,8.499532,6.69190359,4.995296,3.39027715,1.858636,0.3834815,0,0,0,0,0,0,0,0,0,0,0,0,0,0,0,0,0,0,0,0,0,0,0,0,0,0,0,0,0,0,0,0,0,0,0,0,0,0,0,0,0,0,0,0,0,0,0,0,0,0,0,0,0,0,0,0,0,0,0,0,0,0,0,0,0,0,0,0,0,0,0,0,0,0,0,0,0,0,0,0,0,0,0,0,0,0,0,0,0,0,0,0,0,0,0,0,0,0,0,0,0,0,0,0,0,0,0,0,0,0,0,0,0,0,0,0,0,0,0,0,0,0,0,0,0,0,0,0,0,0,0,0,0,0,0,0,0,0,0,0,0,0,0,0,0,0,0,0,0,0,0,0,0,0,0,0,0]



Note: X axis shall increase by 0.005 per each Y axis value


